image: mapa1.pgm
resolution: 0.050000
origin: [-4.402888, -7.298737, 0.000000]
negate: 0
occupied_thresh: 0.65
free_thresh: 0.196

